167903489 167903490 47832 9866 110939055 354
167903489 167903490 47832 9866 9336177 1503
167903489 167903490 47836 9866 2445375 1498
167903489 167903490 47838 9866 32278549 25226
167903489 167903490 47842 9866 4183061 10988
167903489 167903490 47844 9866 5772094 7494
167903489 167903490 47832 9866 4513092 1740
167903489 167903490 47836 9866 2440148 3169
167903489 167903490 47838 9866 31151275 25226
167903489 167903490 47844 9866 17178998 17734
167903489 167903490 47846 9866 4679944 5984
167903489 167903490 47848 9866 5569197 6966
167903489 167903490 47852 9866 5783880 9270
167903489 167903490 47854 9866 1658840 140
167903489 167903490 47832 9866 2437456 1946
167903489 167903490 47836 9866 2447117 5116
167903489 167903490 47838 9866 4254711 8080
167903489 167903490 47850 9866 18759316 18526
167903489 167903490 47854 9866 3457614 20330
167903489 167903490 47858 9866 1754832 140
167903489 167903490 47838 9866 12143704 9333
167903489 167903490 47850 9866 4219307 7626
167903489 167903490 47854 9866 2478903 155340
167903489 167903490 47858 9866 2437249 1492
167903489 167903490 47860 9866 2433066 2546
167903489 167903490 47862 9866 1690770 140
167903489 167903490 47854 9866 2459780 246312
167903489 167903490 47858 9866 3987155 13464
167903489 167903490 47860 9866 523444098 16500
167903489 167903490 47862 9866 21633024 36786
167903489 167903490 47854 9866 2490959 291798
167903489 167903490 47858 9866 2575554 15771
167903489 167903490 47860 9866 2949013 10812
167903489 167903490 47862 9866 2766415 91290
167903489 167903490 47854 9866 2462210 382770
167903489 167903490 47862 9866 5451300 516338
167903489 167903490 47854 9866 2755941 478152
167903489 167903490 47862 9866 5337071 564673
167903489 167903490 47854 9866 2514161 526600
167903489 167903490 47862 9866 2177026977 1556594
167903489 167903490 47854 9866 2531023 575048
167903489 167903490 47862 9866 2174552493 1556594
167903489 167903490 47854 9866 2481222 623496
167903489 167903490 47862 9866 2436192 610112
167903489 167903490 47854 9866 2466672 720392
167903489 167903490 47862 9866 2436310 745753
167903489 167903490 47864 9866 17109787 354
167903489 167903490 47854 9866 2437176 1009632
167903489 167903490 47864 9866 2048168 1303
167903489 167903490 47854 9866 2493105 1154976
167903489 167903490 47864 9866 2230440 7363
167903489 167903490 47854 9866 2489906 1203424
167903489 167903490 47854 9866 2462115 1348768
167903489 167903490 47854 9866 2444801 1441320
167903489 167903490 47854 9866 2440415 1580872
167903489 167903490 47854 9866 2464270 1768872
167903489 167903490 47854 9866 2454138 1912768
167903489 167903490 47854 9866 2469357 2106560
167903489 167903490 47854 9866 2442894 2203456
167903489 167903490 47854 9866 2436694 2442800
167903489 167903490 47854 9866 2480460 2582896
167903489 167903490 47854 9866 2541340 2770536
167903489 167903490 47854 9866 2650130 2818984
167903489 167903490 47854 9866 2535846 2867432
167903489 167903490 47854 9866 2473334 2915880
167903489 167903490 47854 9866 2448418 3012776
167903489 167903490 47854 9866 2515342 3109672
167903489 167903490 47854 9866 2449815 3255016
167903489 167903490 47854 9866 2460237 3351912
167903489 167903490 47854 9866 2479692 3448808
167903489 167903490 47854 9866 2384222 3495808
167903489 167903490 47854 9866 2562800 3641152
167903489 167903490 47854 9866 2461062 3689600
167903489 167903490 47854 9866 2467959 3786496
167903489 167903490 47854 9866 2518819 3883392
167903489 167903490 47854 9866 2488937 3980288
167903489 167903490 47854 9866 2558464 4174080
167903489 167903490 47854 9866 2435975 4269528
167903489 167903490 47854 9866 2475125 4511768
167903489 167903490 47854 9866 2537152 4608664
167903489 167903490 47854 9866 2584729 4654216
167903489 167903490 47854 9866 2509355 4701216
167903489 167903490 47854 9866 2604332 4795216
167903489 167903490 47854 9866 2557875 4843664
167903489 167903490 47854 9866 2528246 4892112
167903489 167903490 47854 9866 2446675 4937664
167903489 167903490 47854 9866 2471169 5125664
167903489 167903490 47854 9866 2466627 5219664
167903489 167903490 47854 9866 2534720 5410560
167903489 167903490 47854 9866 2435067 5457560
167903489 167903490 47854 9866 2517482 5602904
167903489 167903490 47854 9866 2421451 5746800
167903489 167903490 47854 9866 2198615 6029176
